{"SourceNum": 4.0, "Nodes": 30.0, "NodesCord": [[90.0, 81.0], [6.0, 52.0], [17.0, 99.0], [37.0, 82.0], [53.0, 38.0], [78.0, 20.0], [76.0, 57.0], [22.0, 98.0], [44.0, 95.0], [72.0, 32.0], [35.0, 93.0], [13.0, 4.0], [28.0, 14.0], [93.0, 13.0], [53.0, 80.0], [97.0, 1.0], [2.0, 37.0], [31.0, 30.0], [21.0, 65.0], [31.0, 66.0], [17.0, 46.0], [57.0, 52.0], [12.0, 90.0], [99.0, 12.0], [9.0, 84.0], [89.0, 93.0], [94.0, 1.0], [74.0, 85.0], [87.0, 14.0], [9.0, 3.0]], "FixedUnitCost": 100.0, "crev(cijrev)": [[0.0, 29.0, 31.0, 39.0, 39.0, 19.0, 23.0, 25.0, 38.0, 39.0, 31.0, 12.0, 13.0, 23.0, 17.0, 37.0, 24.0, 36.0, 35.0, 22.0, 13.0, 26.0, 24.0, 26.0, 36.0, 23.0, 34.0, 27.0, 26.0, 38.0], [29.0, 0.0, 27.0, 27.0, 16.0, 38.0, 23.0, 35.0, 13.0, 19.0, 12.0, 33.0, 39.0, 36.0, 27.0, 23.0, 31.0, 22.0, 32.0, 33.0, 24.0, 34.0, 34.0, 38.0, 35.0, 39.0, 30.0, 32.0, 39.0, 17.0], [31.0, 27.0, 0.0, 23.0, 39.0, 37.0, 34.0, 20.0, 38.0, 27.0, 23.0, 24.0, 25.0, 33.0, 27.0, 35.0, 37.0, 22.0, 18.0, 28.0, 32.0, 35.0, 26.0, 21.0, 29.0, 13.0, 31.0, 29.0, 38.0, 38.0], [39.0, 27.0, 23.0, 0.0, 33.0, 15.0, 32.0, 30.0, 36.0, 21.0, 38.0, 29.0, 36.0, 39.0, 35.0, 30.0, 30.0, 29.0, 24.0, 32.0, 33.0, 20.0, 10.0, 36.0, 32.0, 38.0, 39.0, 33.0, 35.0, 20.0], [39.0, 16.0, 39.0, 33.0, 0.0, 20.0, 26.0, 17.0, 16.0, 27.0, 20.0, 38.0, 20.0, 25.0, 38.0, 36.0, 39.0, 36.0, 26.0, 27.0, 29.0, 32.0, 30.0, 39.0, 24.0, 38.0, 38.0, 20.0, 23.0, 33.0], [19.0, 38.0, 37.0, 15.0, 20.0, 0.0, 22.0, 38.0, 38.0, 24.0, 11.0, 36.0, 32.0, 33.0, 20.0, 37.0, 23.0, 34.0, 37.0, 34.0, 39.0, 39.0, 39.0, 28.0, 33.0, 37.0, 37.0, 35.0, 35.0, 20.0], [23.0, 23.0, 34.0, 32.0, 26.0, 22.0, 0.0, 31.0, 12.0, 39.0, 31.0, 13.0, 32.0, 35.0, 25.0, 12.0, 26.0, 35.0, 36.0, 23.0, 29.0, 34.0, 22.0, 19.0, 36.0, 38.0, 31.0, 36.0, 36.0, 25.0], [25.0, 35.0, 20.0, 30.0, 17.0, 38.0, 31.0, 0.0, 38.0, 35.0, 21.0, 31.0, 39.0, 39.0, 27.0, 37.0, 16.0, 39.0, 38.0, 30.0, 22.0, 25.0, 37.0, 19.0, 32.0, 22.0, 30.0, 39.0, 37.0, 22.0], [38.0, 13.0, 38.0, 36.0, 16.0, 38.0, 12.0, 38.0, 0.0, 34.0, 32.0, 39.0, 33.0, 39.0, 37.0, 16.0, 29.0, 26.0, 38.0, 37.0, 25.0, 23.0, 34.0, 29.0, 37.0, 38.0, 33.0, 16.0, 36.0, 30.0], [39.0, 19.0, 27.0, 21.0, 27.0, 24.0, 39.0, 35.0, 34.0, 0.0, 33.0, 33.0, 27.0, 38.0, 35.0, 34.0, 29.0, 15.0, 20.0, 23.0, 22.0, 39.0, 36.0, 35.0, 31.0, 30.0, 24.0, 23.0, 19.0, 25.0], [31.0, 12.0, 23.0, 38.0, 20.0, 11.0, 31.0, 21.0, 32.0, 33.0, 0.0, 23.0, 29.0, 31.0, 39.0, 22.0, 37.0, 28.0, 34.0, 21.0, 31.0, 29.0, 29.0, 39.0, 30.0, 36.0, 33.0, 21.0, 28.0, 35.0], [12.0, 33.0, 24.0, 29.0, 38.0, 36.0, 13.0, 31.0, 39.0, 33.0, 23.0, 0.0, 36.0, 24.0, 32.0, 37.0, 33.0, 27.0, 23.0, 16.0, 29.0, 33.0, 35.0, 32.0, 37.0, 34.0, 37.0, 12.0, 37.0, 29.0], [13.0, 39.0, 25.0, 36.0, 20.0, 32.0, 32.0, 39.0, 33.0, 27.0, 29.0, 36.0, 0.0, 38.0, 24.0, 29.0, 23.0, 30.0, 19.0, 32.0, 29.0, 39.0, 22.0, 31.0, 16.0, 16.0, 34.0, 33.0, 37.0, 33.0], [23.0, 36.0, 33.0, 39.0, 25.0, 33.0, 35.0, 39.0, 39.0, 38.0, 31.0, 24.0, 38.0, 0.0, 22.0, 36.0, 16.0, 22.0, 39.0, 27.0, 36.0, 37.0, 16.0, 28.0, 36.0, 25.0, 34.0, 31.0, 36.0, 33.0], [17.0, 27.0, 27.0, 35.0, 38.0, 20.0, 25.0, 27.0, 37.0, 35.0, 39.0, 32.0, 24.0, 22.0, 0.0, 30.0, 25.0, 31.0, 29.0, 32.0, 38.0, 27.0, 38.0, 25.0, 29.0, 27.0, 26.0, 36.0, 36.0, 32.0], [37.0, 23.0, 35.0, 30.0, 36.0, 37.0, 12.0, 37.0, 16.0, 34.0, 22.0, 37.0, 29.0, 36.0, 30.0, 0.0, 35.0, 19.0, 22.0, 20.0, 35.0, 33.0, 32.0, 36.0, 37.0, 17.0, 35.0, 20.0, 29.0, 16.0], [24.0, 31.0, 37.0, 30.0, 39.0, 23.0, 26.0, 16.0, 29.0, 29.0, 37.0, 33.0, 23.0, 16.0, 25.0, 35.0, 0.0, 34.0, 20.0, 27.0, 36.0, 24.0, 15.0, 33.0, 22.0, 25.0, 16.0, 24.0, 32.0, 30.0], [36.0, 22.0, 22.0, 29.0, 36.0, 34.0, 35.0, 39.0, 26.0, 15.0, 28.0, 27.0, 30.0, 22.0, 31.0, 19.0, 34.0, 0.0, 25.0, 30.0, 37.0, 19.0, 35.0, 26.0, 21.0, 22.0, 35.0, 36.0, 32.0, 24.0], [35.0, 32.0, 18.0, 24.0, 26.0, 37.0, 36.0, 38.0, 38.0, 20.0, 34.0, 23.0, 19.0, 39.0, 29.0, 22.0, 20.0, 25.0, 0.0, 38.0, 17.0, 24.0, 34.0, 20.0, 37.0, 36.0, 14.0, 34.0, 32.0, 23.0], [22.0, 33.0, 28.0, 32.0, 27.0, 34.0, 23.0, 30.0, 37.0, 23.0, 21.0, 16.0, 32.0, 27.0, 32.0, 20.0, 27.0, 30.0, 38.0, 0.0, 32.0, 23.0, 38.0, 35.0, 38.0, 38.0, 32.0, 21.0, 39.0, 15.0], [13.0, 24.0, 32.0, 33.0, 29.0, 39.0, 29.0, 22.0, 25.0, 22.0, 31.0, 29.0, 29.0, 36.0, 38.0, 35.0, 36.0, 37.0, 17.0, 32.0, 0.0, 31.0, 12.0, 32.0, 38.0, 27.0, 23.0, 24.0, 37.0, 36.0], [26.0, 34.0, 35.0, 20.0, 32.0, 39.0, 34.0, 25.0, 23.0, 39.0, 29.0, 33.0, 39.0, 37.0, 27.0, 33.0, 24.0, 19.0, 24.0, 23.0, 31.0, 0.0, 36.0, 31.0, 35.0, 23.0, 24.0, 38.0, 34.0, 29.0], [24.0, 34.0, 26.0, 10.0, 30.0, 39.0, 22.0, 37.0, 34.0, 36.0, 29.0, 35.0, 22.0, 16.0, 38.0, 32.0, 15.0, 35.0, 34.0, 38.0, 12.0, 36.0, 0.0, 31.0, 30.0, 30.0, 25.0, 39.0, 33.0, 24.0], [26.0, 38.0, 21.0, 36.0, 39.0, 28.0, 19.0, 19.0, 29.0, 35.0, 39.0, 32.0, 31.0, 28.0, 25.0, 36.0, 33.0, 26.0, 20.0, 35.0, 32.0, 31.0, 31.0, 0.0, 15.0, 31.0, 36.0, 33.0, 37.0, 29.0], [36.0, 35.0, 29.0, 32.0, 24.0, 33.0, 36.0, 32.0, 37.0, 31.0, 30.0, 37.0, 16.0, 36.0, 29.0, 37.0, 22.0, 21.0, 37.0, 38.0, 38.0, 35.0, 30.0, 15.0, 0.0, 28.0, 24.0, 36.0, 31.0, 35.0], [23.0, 39.0, 13.0, 38.0, 38.0, 37.0, 38.0, 22.0, 38.0, 30.0, 36.0, 34.0, 16.0, 25.0, 27.0, 17.0, 25.0, 22.0, 36.0, 38.0, 27.0, 23.0, 30.0, 31.0, 28.0, 0.0, 29.0, 18.0, 35.0, 29.0], [34.0, 30.0, 31.0, 39.0, 38.0, 37.0, 31.0, 30.0, 33.0, 24.0, 33.0, 37.0, 34.0, 34.0, 26.0, 35.0, 16.0, 35.0, 14.0, 32.0, 23.0, 24.0, 25.0, 36.0, 24.0, 29.0, 0.0, 14.0, 36.0, 34.0], [27.0, 32.0, 29.0, 33.0, 20.0, 35.0, 36.0, 39.0, 16.0, 23.0, 21.0, 12.0, 33.0, 31.0, 36.0, 20.0, 24.0, 36.0, 34.0, 21.0, 24.0, 38.0, 39.0, 33.0, 36.0, 18.0, 14.0, 0.0, 18.0, 18.0], [26.0, 39.0, 38.0, 35.0, 23.0, 35.0, 36.0, 37.0, 36.0, 19.0, 28.0, 37.0, 37.0, 36.0, 36.0, 29.0, 32.0, 32.0, 32.0, 39.0, 37.0, 34.0, 33.0, 37.0, 31.0, 35.0, 36.0, 18.0, 0.0, 32.0], [38.0, 17.0, 38.0, 20.0, 33.0, 20.0, 25.0, 22.0, 30.0, 25.0, 35.0, 29.0, 33.0, 33.0, 32.0, 16.0, 30.0, 24.0, 23.0, 15.0, 36.0, 29.0, 24.0, 29.0, 35.0, 29.0, 34.0, 18.0, 32.0, 0.0]], "pumd(pijumd)": [[0.0, 12.0, 24.0, 25.0, 29.0, 14.0, 26.0, 34.0, 18.0, 36.0, 27.0, 28.0, 17.0, 27.0, 36.0, 35.0, 25.0, 34.0, 29.0, 38.0, 31.0, 32.0, 29.0, 37.0, 25.0, 31.0, 38.0, 39.0, 24.0, 33.0], [12.0, 0.0, 16.0, 18.0, 34.0, 25.0, 30.0, 22.0, 24.0, 22.0, 38.0, 32.0, 36.0, 29.0, 29.0, 30.0, 29.0, 38.0, 23.0, 39.0, 13.0, 28.0, 29.0, 25.0, 28.0, 34.0, 15.0, 27.0, 26.0, 30.0], [24.0, 16.0, 0.0, 38.0, 18.0, 26.0, 32.0, 36.0, 26.0, 24.0, 34.0, 35.0, 35.0, 16.0, 15.0, 38.0, 24.0, 37.0, 11.0, 29.0, 21.0, 27.0, 20.0, 29.0, 34.0, 33.0, 22.0, 24.0, 38.0, 34.0], [25.0, 18.0, 38.0, 0.0, 39.0, 37.0, 33.0, 21.0, 36.0, 37.0, 34.0, 15.0, 21.0, 22.0, 31.0, 20.0, 31.0, 20.0, 22.0, 27.0, 27.0, 24.0, 19.0, 33.0, 31.0, 39.0, 30.0, 39.0, 37.0, 36.0], [29.0, 34.0, 18.0, 39.0, 0.0, 33.0, 38.0, 32.0, 38.0, 23.0, 28.0, 39.0, 39.0, 28.0, 17.0, 24.0, 26.0, 26.0, 12.0, 37.0, 31.0, 21.0, 22.0, 38.0, 18.0, 36.0, 34.0, 14.0, 32.0, 33.0], [14.0, 25.0, 26.0, 37.0, 33.0, 0.0, 31.0, 28.0, 39.0, 37.0, 20.0, 35.0, 31.0, 29.0, 29.0, 36.0, 30.0, 22.0, 37.0, 39.0, 38.0, 29.0, 35.0, 37.0, 21.0, 37.0, 35.0, 18.0, 22.0, 21.0], [26.0, 30.0, 32.0, 33.0, 38.0, 31.0, 0.0, 18.0, 32.0, 34.0, 10.0, 39.0, 26.0, 32.0, 21.0, 24.0, 28.0, 31.0, 24.0, 34.0, 32.0, 37.0, 31.0, 39.0, 18.0, 25.0, 23.0, 18.0, 35.0, 37.0], [34.0, 22.0, 36.0, 21.0, 32.0, 28.0, 18.0, 0.0, 31.0, 27.0, 28.0, 38.0, 38.0, 36.0, 32.0, 32.0, 39.0, 29.0, 27.0, 30.0, 33.0, 20.0, 34.0, 39.0, 39.0, 34.0, 33.0, 18.0, 36.0, 30.0], [18.0, 24.0, 26.0, 36.0, 38.0, 39.0, 32.0, 31.0, 0.0, 19.0, 32.0, 24.0, 24.0, 33.0, 26.0, 37.0, 31.0, 22.0, 26.0, 30.0, 38.0, 21.0, 20.0, 24.0, 31.0, 23.0, 34.0, 29.0, 39.0, 38.0], [36.0, 22.0, 24.0, 37.0, 23.0, 37.0, 34.0, 27.0, 19.0, 0.0, 35.0, 17.0, 34.0, 30.0, 36.0, 28.0, 29.0, 22.0, 39.0, 17.0, 26.0, 28.0, 35.0, 36.0, 39.0, 21.0, 39.0, 33.0, 32.0, 25.0], [27.0, 38.0, 34.0, 34.0, 28.0, 20.0, 10.0, 28.0, 32.0, 35.0, 0.0, 36.0, 30.0, 22.0, 39.0, 32.0, 20.0, 28.0, 27.0, 34.0, 28.0, 34.0, 37.0, 32.0, 20.0, 37.0, 13.0, 21.0, 38.0, 38.0], [28.0, 32.0, 35.0, 15.0, 39.0, 35.0, 39.0, 38.0, 24.0, 17.0, 36.0, 0.0, 33.0, 31.0, 35.0, 30.0, 34.0, 25.0, 37.0, 34.0, 39.0, 39.0, 14.0, 33.0, 18.0, 23.0, 37.0, 24.0, 35.0, 39.0], [17.0, 36.0, 35.0, 21.0, 39.0, 31.0, 26.0, 38.0, 24.0, 34.0, 30.0, 33.0, 0.0, 37.0, 23.0, 37.0, 31.0, 35.0, 22.0, 39.0, 33.0, 27.0, 22.0, 32.0, 31.0, 31.0, 19.0, 27.0, 24.0, 36.0], [27.0, 29.0, 16.0, 22.0, 28.0, 29.0, 32.0, 36.0, 33.0, 30.0, 22.0, 31.0, 37.0, 0.0, 39.0, 37.0, 21.0, 38.0, 36.0, 36.0, 39.0, 39.0, 35.0, 39.0, 34.0, 16.0, 37.0, 25.0, 38.0, 39.0], [36.0, 29.0, 15.0, 31.0, 17.0, 29.0, 21.0, 32.0, 26.0, 36.0, 39.0, 35.0, 23.0, 39.0, 0.0, 39.0, 32.0, 18.0, 31.0, 39.0, 34.0, 30.0, 39.0, 33.0, 35.0, 37.0, 16.0, 36.0, 35.0, 37.0], [35.0, 30.0, 38.0, 20.0, 24.0, 36.0, 24.0, 32.0, 37.0, 28.0, 32.0, 30.0, 37.0, 37.0, 39.0, 0.0, 38.0, 22.0, 37.0, 32.0, 26.0, 24.0, 19.0, 33.0, 23.0, 25.0, 36.0, 25.0, 29.0, 37.0], [25.0, 29.0, 24.0, 31.0, 26.0, 30.0, 28.0, 39.0, 31.0, 29.0, 20.0, 34.0, 31.0, 21.0, 32.0, 38.0, 0.0, 26.0, 29.0, 38.0, 36.0, 24.0, 26.0, 18.0, 31.0, 25.0, 35.0, 18.0, 20.0, 38.0], [34.0, 38.0, 37.0, 20.0, 26.0, 22.0, 31.0, 29.0, 22.0, 22.0, 28.0, 25.0, 35.0, 38.0, 18.0, 22.0, 26.0, 0.0, 35.0, 27.0, 30.0, 39.0, 36.0, 38.0, 29.0, 36.0, 18.0, 30.0, 37.0, 30.0], [29.0, 23.0, 11.0, 22.0, 12.0, 37.0, 24.0, 27.0, 26.0, 39.0, 27.0, 37.0, 22.0, 36.0, 31.0, 37.0, 29.0, 35.0, 0.0, 32.0, 35.0, 29.0, 36.0, 34.0, 38.0, 14.0, 23.0, 39.0, 38.0, 18.0], [38.0, 39.0, 29.0, 27.0, 37.0, 39.0, 34.0, 30.0, 30.0, 17.0, 34.0, 34.0, 39.0, 36.0, 39.0, 32.0, 38.0, 27.0, 32.0, 0.0, 32.0, 37.0, 21.0, 33.0, 36.0, 32.0, 35.0, 28.0, 36.0, 39.0], [31.0, 13.0, 21.0, 27.0, 31.0, 38.0, 32.0, 33.0, 38.0, 26.0, 28.0, 39.0, 33.0, 39.0, 34.0, 26.0, 36.0, 30.0, 35.0, 32.0, 0.0, 28.0, 35.0, 29.0, 32.0, 39.0, 31.0, 17.0, 13.0, 26.0], [32.0, 28.0, 27.0, 24.0, 21.0, 29.0, 37.0, 20.0, 21.0, 28.0, 34.0, 39.0, 27.0, 39.0, 30.0, 24.0, 24.0, 39.0, 29.0, 37.0, 28.0, 0.0, 36.0, 34.0, 34.0, 30.0, 37.0, 16.0, 23.0, 17.0], [29.0, 29.0, 20.0, 19.0, 22.0, 35.0, 31.0, 34.0, 20.0, 35.0, 37.0, 14.0, 22.0, 35.0, 39.0, 19.0, 26.0, 36.0, 36.0, 21.0, 35.0, 36.0, 0.0, 35.0, 32.0, 29.0, 36.0, 26.0, 16.0, 28.0], [37.0, 25.0, 29.0, 33.0, 38.0, 37.0, 39.0, 39.0, 24.0, 36.0, 32.0, 33.0, 32.0, 39.0, 33.0, 33.0, 18.0, 38.0, 34.0, 33.0, 29.0, 34.0, 35.0, 0.0, 30.0, 36.0, 36.0, 22.0, 31.0, 30.0], [25.0, 28.0, 34.0, 31.0, 18.0, 21.0, 18.0, 39.0, 31.0, 39.0, 20.0, 18.0, 31.0, 34.0, 35.0, 23.0, 31.0, 29.0, 38.0, 36.0, 32.0, 34.0, 32.0, 30.0, 0.0, 31.0, 27.0, 21.0, 24.0, 32.0], [31.0, 34.0, 33.0, 39.0, 36.0, 37.0, 25.0, 34.0, 23.0, 21.0, 37.0, 23.0, 31.0, 16.0, 37.0, 25.0, 25.0, 36.0, 14.0, 32.0, 39.0, 30.0, 29.0, 36.0, 31.0, 0.0, 15.0, 32.0, 38.0, 15.0], [38.0, 15.0, 22.0, 30.0, 34.0, 35.0, 23.0, 33.0, 34.0, 39.0, 13.0, 37.0, 19.0, 37.0, 16.0, 36.0, 35.0, 18.0, 23.0, 35.0, 31.0, 37.0, 36.0, 36.0, 27.0, 15.0, 0.0, 36.0, 23.0, 39.0], [39.0, 27.0, 24.0, 39.0, 14.0, 18.0, 18.0, 18.0, 29.0, 33.0, 21.0, 24.0, 27.0, 25.0, 36.0, 25.0, 18.0, 30.0, 39.0, 28.0, 17.0, 16.0, 26.0, 22.0, 21.0, 32.0, 36.0, 0.0, 16.0, 39.0], [24.0, 26.0, 38.0, 37.0, 32.0, 22.0, 35.0, 36.0, 39.0, 32.0, 38.0, 35.0, 24.0, 38.0, 35.0, 29.0, 20.0, 37.0, 38.0, 36.0, 13.0, 23.0, 16.0, 31.0, 24.0, 38.0, 23.0, 16.0, 0.0, 30.0], [33.0, 30.0, 34.0, 36.0, 33.0, 21.0, 37.0, 30.0, 38.0, 25.0, 38.0, 39.0, 36.0, 39.0, 37.0, 37.0, 38.0, 30.0, 18.0, 39.0, 26.0, 17.0, 28.0, 30.0, 32.0, 15.0, 39.0, 39.0, 30.0, 0.0]], "cheat(ciheat)": [4.0, 9.0, 2.0, 1.0, 9.0, 1.0, 4.0, 7.0, 4.0, 6.0, 7.0, 8.0, 2.0, 6.0, 9.0, 2.0, 1.0, 2.0, 5.0, 4.0, 6.0, 6.0, 6.0, 6.0, 9.0, 7.0, 6.0, 2.0, 9.0, 8.0], "cvar(cijvar)": [[0.0, 5.0, 2.0, 9.0, 6.0, 6.0, 4.0, 6.0, 6.0, 7.0, 8.0, 5.0, 5.0, 4.0, 7.0, 9.0, 6.0, 9.0, 7.0, 6.0, 9.0, 9.0, 7.0, 8.0, 5.0, 5.0, 4.0, 8.0, 7.0, 9.0], [5.0, 0.0, 8.0, 9.0, 7.0, 6.0, 8.0, 8.0, 9.0, 5.0, 9.0, 5.0, 8.0, 6.0, 8.0, 9.0, 8.0, 9.0, 7.0, 9.0, 5.0, 6.0, 9.0, 8.0, 7.0, 7.0, 5.0, 8.0, 6.0, 9.0], [2.0, 8.0, 0.0, 8.0, 7.0, 5.0, 8.0, 8.0, 7.0, 9.0, 4.0, 9.0, 7.0, 1.0, 8.0, 3.0, 6.0, 7.0, 8.0, 6.0, 9.0, 5.0, 9.0, 3.0, 6.0, 3.0, 5.0, 9.0, 2.0, 6.0], [9.0, 9.0, 8.0, 0.0, 6.0, 4.0, 9.0, 5.0, 4.0, 6.0, 5.0, 9.0, 5.0, 5.0, 9.0, 3.0, 7.0, 7.0, 6.0, 8.0, 5.0, 8.0, 9.0, 4.0, 8.0, 8.0, 7.0, 6.0, 9.0, 3.0], [6.0, 7.0, 7.0, 6.0, 0.0, 7.0, 9.0, 5.0, 9.0, 9.0, 1.0, 6.0, 8.0, 9.0, 4.0, 7.0, 6.0, 6.0, 9.0, 9.0, 8.0, 4.0, 7.0, 7.0, 9.0, 4.0, 5.0, 5.0, 9.0, 7.0], [6.0, 6.0, 5.0, 4.0, 7.0, 0.0, 9.0, 8.0, 4.0, 6.0, 6.0, 8.0, 8.0, 9.0, 5.0, 5.0, 7.0, 7.0, 8.0, 9.0, 3.0, 9.0, 9.0, 6.0, 5.0, 9.0, 6.0, 9.0, 6.0, 6.0], [4.0, 8.0, 8.0, 9.0, 9.0, 9.0, 0.0, 9.0, 9.0, 3.0, 3.0, 8.0, 7.0, 6.0, 7.0, 8.0, 9.0, 9.0, 5.0, 7.0, 9.0, 9.0, 7.0, 5.0, 5.0, 8.0, 4.0, 5.0, 7.0, 7.0], [6.0, 8.0, 8.0, 5.0, 5.0, 8.0, 9.0, 0.0, 9.0, 7.0, 4.0, 2.0, 2.0, 5.0, 9.0, 5.0, 5.0, 5.0, 8.0, 7.0, 8.0, 6.0, 3.0, 2.0, 7.0, 8.0, 5.0, 8.0, 6.0, 1.0], [6.0, 9.0, 7.0, 4.0, 9.0, 4.0, 9.0, 9.0, 0.0, 5.0, 3.0, 7.0, 7.0, 9.0, 9.0, 9.0, 9.0, 6.0, 9.0, 7.0, 9.0, 4.0, 8.0, 7.0, 4.0, 9.0, 5.0, 9.0, 9.0, 4.0], [7.0, 5.0, 9.0, 6.0, 9.0, 6.0, 3.0, 7.0, 5.0, 0.0, 8.0, 6.0, 6.0, 4.0, 7.0, 4.0, 9.0, 3.0, 3.0, 6.0, 6.0, 7.0, 8.0, 7.0, 5.0, 7.0, 9.0, 5.0, 4.0, 8.0], [8.0, 9.0, 4.0, 5.0, 1.0, 6.0, 3.0, 4.0, 3.0, 8.0, 0.0, 8.0, 9.0, 6.0, 6.0, 6.0, 4.0, 7.0, 9.0, 9.0, 1.0, 6.0, 3.0, 8.0, 7.0, 4.0, 9.0, 7.0, 8.0, 4.0], [5.0, 5.0, 9.0, 9.0, 6.0, 8.0, 8.0, 2.0, 7.0, 6.0, 8.0, 0.0, 4.0, 5.0, 6.0, 7.0, 6.0, 2.0, 5.0, 3.0, 6.0, 7.0, 5.0, 7.0, 5.0, 6.0, 7.0, 5.0, 9.0, 9.0], [5.0, 8.0, 7.0, 5.0, 8.0, 8.0, 7.0, 2.0, 7.0, 6.0, 9.0, 4.0, 0.0, 7.0, 9.0, 8.0, 7.0, 9.0, 7.0, 3.0, 9.0, 5.0, 8.0, 7.0, 5.0, 8.0, 9.0, 4.0, 9.0, 9.0], [4.0, 6.0, 1.0, 5.0, 9.0, 9.0, 6.0, 5.0, 9.0, 4.0, 6.0, 5.0, 7.0, 0.0, 8.0, 8.0, 7.0, 7.0, 4.0, 1.0, 6.0, 7.0, 5.0, 7.0, 5.0, 9.0, 5.0, 3.0, 9.0, 9.0], [7.0, 8.0, 8.0, 9.0, 4.0, 5.0, 7.0, 9.0, 9.0, 7.0, 6.0, 6.0, 9.0, 8.0, 0.0, 3.0, 9.0, 4.0, 7.0, 9.0, 7.0, 9.0, 6.0, 6.0, 8.0, 6.0, 9.0, 9.0, 2.0, 5.0], [9.0, 9.0, 3.0, 3.0, 7.0, 5.0, 8.0, 5.0, 9.0, 4.0, 6.0, 7.0, 8.0, 8.0, 3.0, 0.0, 5.0, 5.0, 8.0, 3.0, 9.0, 9.0, 4.0, 7.0, 8.0, 6.0, 7.0, 7.0, 9.0, 9.0], [6.0, 8.0, 6.0, 7.0, 6.0, 7.0, 9.0, 5.0, 9.0, 9.0, 4.0, 6.0, 7.0, 7.0, 9.0, 5.0, 0.0, 4.0, 7.0, 4.0, 9.0, 4.0, 7.0, 9.0, 9.0, 9.0, 5.0, 4.0, 4.0, 7.0], [9.0, 9.0, 7.0, 7.0, 6.0, 7.0, 9.0, 5.0, 6.0, 3.0, 7.0, 2.0, 9.0, 7.0, 4.0, 5.0, 4.0, 0.0, 6.0, 9.0, 8.0, 7.0, 6.0, 4.0, 7.0, 6.0, 5.0, 7.0, 7.0, 5.0], [7.0, 7.0, 8.0, 6.0, 9.0, 8.0, 5.0, 8.0, 9.0, 3.0, 9.0, 5.0, 7.0, 4.0, 7.0, 8.0, 7.0, 6.0, 0.0, 7.0, 6.0, 8.0, 8.0, 8.0, 7.0, 3.0, 3.0, 9.0, 6.0, 7.0], [6.0, 9.0, 6.0, 8.0, 9.0, 9.0, 7.0, 7.0, 7.0, 6.0, 9.0, 3.0, 3.0, 1.0, 9.0, 3.0, 4.0, 9.0, 7.0, 0.0, 7.0, 9.0, 5.0, 8.0, 6.0, 9.0, 6.0, 9.0, 7.0, 7.0], [9.0, 5.0, 9.0, 5.0, 8.0, 3.0, 9.0, 8.0, 9.0, 6.0, 1.0, 6.0, 9.0, 6.0, 7.0, 9.0, 9.0, 8.0, 6.0, 7.0, 0.0, 7.0, 8.0, 6.0, 6.0, 8.0, 9.0, 8.0, 7.0, 5.0], [9.0, 6.0, 5.0, 8.0, 4.0, 9.0, 9.0, 6.0, 4.0, 7.0, 6.0, 7.0, 5.0, 7.0, 9.0, 9.0, 4.0, 7.0, 8.0, 9.0, 7.0, 0.0, 4.0, 8.0, 3.0, 5.0, 9.0, 6.0, 9.0, 2.0], [7.0, 9.0, 9.0, 9.0, 7.0, 9.0, 7.0, 3.0, 8.0, 8.0, 3.0, 5.0, 8.0, 5.0, 6.0, 4.0, 7.0, 6.0, 8.0, 5.0, 8.0, 4.0, 0.0, 5.0, 8.0, 9.0, 3.0, 6.0, 6.0, 8.0], [8.0, 8.0, 3.0, 4.0, 7.0, 6.0, 5.0, 2.0, 7.0, 7.0, 8.0, 7.0, 7.0, 7.0, 6.0, 7.0, 9.0, 4.0, 8.0, 8.0, 6.0, 8.0, 5.0, 0.0, 9.0, 7.0, 3.0, 9.0, 8.0, 8.0], [5.0, 7.0, 6.0, 8.0, 9.0, 5.0, 5.0, 7.0, 4.0, 5.0, 7.0, 5.0, 5.0, 5.0, 8.0, 8.0, 9.0, 7.0, 7.0, 6.0, 6.0, 3.0, 8.0, 9.0, 0.0, 9.0, 9.0, 3.0, 9.0, 6.0], [5.0, 7.0, 3.0, 8.0, 4.0, 9.0, 8.0, 8.0, 9.0, 7.0, 4.0, 6.0, 8.0, 9.0, 6.0, 6.0, 9.0, 6.0, 3.0, 9.0, 8.0, 5.0, 9.0, 7.0, 9.0, 0.0, 8.0, 8.0, 8.0, 8.0], [4.0, 5.0, 5.0, 7.0, 5.0, 6.0, 4.0, 5.0, 5.0, 9.0, 9.0, 7.0, 9.0, 5.0, 9.0, 7.0, 5.0, 5.0, 3.0, 6.0, 9.0, 9.0, 3.0, 3.0, 9.0, 8.0, 0.0, 9.0, 9.0, 3.0], [8.0, 8.0, 9.0, 6.0, 5.0, 9.0, 5.0, 8.0, 9.0, 5.0, 7.0, 5.0, 4.0, 3.0, 9.0, 7.0, 4.0, 7.0, 9.0, 9.0, 8.0, 6.0, 6.0, 9.0, 3.0, 8.0, 9.0, 0.0, 6.0, 9.0], [7.0, 6.0, 2.0, 9.0, 9.0, 6.0, 7.0, 6.0, 9.0, 4.0, 8.0, 9.0, 9.0, 9.0, 2.0, 9.0, 4.0, 7.0, 6.0, 7.0, 7.0, 9.0, 6.0, 8.0, 9.0, 8.0, 9.0, 6.0, 0.0, 7.0], [9.0, 9.0, 6.0, 3.0, 7.0, 6.0, 7.0, 1.0, 4.0, 8.0, 4.0, 9.0, 9.0, 9.0, 5.0, 9.0, 7.0, 5.0, 7.0, 7.0, 5.0, 2.0, 8.0, 8.0, 6.0, 8.0, 3.0, 9.0, 7.0, 0.0]], "vvar(thetaijvar)": [[0.0, 0.00019, 0.00022, 0.00018, 0.00026, 0.00027, 0.0002, 0.00028, 0.00022, 0.00022, 0.00023, 0.00022, 0.00023, 0.00025, 0.00028, 0.00023, 0.00027, 0.00019, 0.00027, 0.00029, 0.0002, 0.00029, 0.00021, 0.00027, 0.00019, 0.00022, 0.0002, 0.00027, 0.00026, 0.00024], [0.00019, 0.0, 0.00029, 0.00023, 0.00028, 0.00027, 0.00022, 0.0002, 0.00029, 0.00022, 0.00024, 0.00023, 0.00023, 0.00025, 0.0002, 0.00017, 0.00022, 0.0002, 0.00029, 0.00028, 0.00022, 0.00017, 0.00022, 0.0002, 0.00022, 0.00025, 0.00019, 0.00029, 0.00028, 0.00027], [0.00022, 0.00029, 0.0, 0.00027, 0.00021, 0.00027, 0.00024, 0.00021, 0.00027, 0.00029, 0.00028, 0.00029, 0.00019, 0.00023, 0.00029, 0.00026, 0.00016, 0.00023, 0.00023, 0.00025, 0.00029, 0.00023, 0.0002, 0.0002, 0.00029, 0.00029, 0.00024, 0.00023, 0.00025, 0.00024], [0.00018, 0.00023, 0.00027, 0.0, 0.00023, 0.00026, 0.00021, 0.00022, 0.0002, 0.00023, 0.00023, 0.00018, 0.00027, 0.00029, 0.0002, 0.00023, 0.00026, 0.00027, 0.00028, 0.00027, 0.00025, 0.00025, 0.00021, 0.00022, 0.00018, 0.00022, 0.00027, 0.00019, 0.00028, 0.00027], [0.00026, 0.00028, 0.00021, 0.00023, 0.0, 0.00028, 0.00023, 0.00027, 0.00019, 0.00018, 0.00019, 0.00025, 0.00021, 0.00021, 0.00029, 0.00026, 0.00027, 0.00027, 0.00023, 0.00025, 0.00021, 0.00021, 0.0002, 0.00021, 0.00023, 0.00028, 0.00026, 0.00017, 0.00023, 0.00018], [0.00027, 0.00027, 0.00027, 0.00026, 0.00028, 0.0, 0.00027, 0.00029, 0.0002, 0.00028, 0.00023, 0.00029, 0.0002, 0.0002, 0.00025, 0.00026, 0.00024, 0.00022, 0.00022, 0.00021, 0.00023, 0.00026, 0.00028, 0.00028, 0.00028, 0.00017, 0.00029, 0.00025, 0.00022, 0.00025], [0.0002, 0.00022, 0.00024, 0.00021, 0.00023, 0.00027, 0.0, 0.00029, 0.00025, 0.0002, 0.00024, 0.0002, 0.0002, 0.00028, 0.00028, 0.00026, 0.00027, 0.00027, 0.00025, 0.00024, 0.00017, 0.00026, 0.00029, 0.00023, 0.00021, 0.00019, 0.00028, 0.00023, 0.0002, 0.00019], [0.00028, 0.0002, 0.00021, 0.00022, 0.00027, 0.00029, 0.00029, 0.0, 0.00028, 0.00021, 0.00023, 0.00028, 0.00028, 0.00018, 0.00026, 0.00023, 0.00028, 0.00022, 0.0002, 0.00021, 0.00022, 0.00025, 0.00019, 0.00028, 0.00024, 0.00026, 0.00028, 0.00027, 0.00028, 0.00025], [0.00022, 0.00029, 0.00027, 0.0002, 0.00019, 0.0002, 0.00025, 0.00028, 0.0, 0.00019, 0.00027, 0.00027, 0.00027, 0.00024, 0.00027, 0.00028, 0.00026, 0.00025, 0.00026, 0.00026, 0.00023, 0.00021, 0.00023, 0.00023, 0.00017, 0.00028, 0.00024, 0.00023, 0.00027, 0.00029], [0.00022, 0.00022, 0.00029, 0.00023, 0.00018, 0.00028, 0.0002, 0.00021, 0.00019, 0.0, 0.00027, 0.00025, 0.00018, 0.00028, 0.00025, 0.00026, 0.00021, 0.00028, 0.00029, 0.00022, 0.00028, 0.00024, 0.00022, 0.00025, 0.00027, 0.00024, 0.00016, 0.00017, 0.00022, 0.00019], [0.00023, 0.00024, 0.00028, 0.00023, 0.00019, 0.00023, 0.00024, 0.00023, 0.00027, 0.00027, 0.0, 0.00021, 0.00023, 0.0002, 0.00025, 0.00021, 0.00026, 0.00023, 0.00024, 0.00026, 0.00019, 0.00028, 0.00022, 0.00024, 0.00025, 0.00029, 0.00028, 0.00029, 0.00023, 0.00029], [0.00022, 0.00023, 0.00029, 0.00018, 0.00025, 0.00029, 0.0002, 0.00028, 0.00027, 0.00025, 0.00021, 0.0, 0.00019, 0.00016, 0.00018, 0.00026, 0.00027, 0.0002, 0.00028, 0.00023, 0.00029, 0.00028, 0.00024, 0.00029, 0.00019, 0.00029, 0.00027, 0.00028, 0.00021, 0.00021], [0.00023, 0.00023, 0.00019, 0.00027, 0.00021, 0.0002, 0.0002, 0.00028, 0.00027, 0.00018, 0.00023, 0.00019, 0.0, 0.00023, 0.00027, 0.00019, 0.00025, 0.00025, 0.00024, 0.00025, 0.0002, 0.00029, 0.00028, 0.00028, 0.00019, 0.00029, 0.00026, 0.00026, 0.00026, 0.00028], [0.00025, 0.00025, 0.00023, 0.00029, 0.00021, 0.0002, 0.00028, 0.00018, 0.00024, 0.00028, 0.0002, 0.00016, 0.00023, 0.0, 0.00029, 0.00021, 0.00029, 0.00028, 0.00017, 0.00018, 0.00026, 0.00024, 0.00019, 0.00018, 0.00029, 0.00026, 0.00021, 0.00019, 0.00027, 0.00018], [0.00028, 0.0002, 0.00029, 0.0002, 0.00029, 0.00025, 0.00028, 0.00026, 0.00027, 0.00025, 0.00025, 0.00018, 0.00027, 0.00029, 0.0, 0.00021, 0.0002, 0.00024, 0.00021, 0.00027, 0.00026, 0.00022, 0.00027, 0.00028, 0.00025, 0.00028, 0.00028, 0.00023, 0.00029, 0.00029], [0.00023, 0.00017, 0.00026, 0.00023, 0.00026, 0.00026, 0.00026, 0.00023, 0.00028, 0.00026, 0.00021, 0.00026, 0.00019, 0.00021, 0.00021, 0.0, 0.00019, 0.00028, 0.0002, 0.00029, 0.00026, 0.00022, 0.00025, 0.00029, 0.00029, 0.00027, 0.00022, 0.00018, 0.00024, 0.00025], [0.00027, 0.00022, 0.00016, 0.00026, 0.00027, 0.00024, 0.00027, 0.00028, 0.00026, 0.00021, 0.00026, 0.00027, 0.00025, 0.00029, 0.0002, 0.00019, 0.0, 0.00023, 0.00029, 0.0002, 0.00027, 0.00021, 0.00023, 0.00025, 0.00028, 0.00016, 0.00029, 0.00024, 0.00016, 0.00025], [0.00019, 0.0002, 0.00023, 0.00027, 0.00027, 0.00022, 0.00027, 0.00022, 0.00025, 0.00028, 0.00023, 0.0002, 0.00025, 0.00028, 0.00024, 0.00028, 0.00023, 0.0, 0.00019, 0.00026, 0.00024, 0.00028, 0.00022, 0.00025, 0.00028, 0.00026, 0.00023, 0.00027, 0.00015, 0.00024], [0.00027, 0.00029, 0.00023, 0.00028, 0.00023, 0.00022, 0.00025, 0.0002, 0.00026, 0.00029, 0.00024, 0.00028, 0.00024, 0.00017, 0.00021, 0.0002, 0.00029, 0.00019, 0.0, 0.00028, 0.00022, 0.00018, 0.00018, 0.00027, 0.00026, 0.00026, 0.00029, 0.00025, 0.0002, 0.00028], [0.00029, 0.00028, 0.00025, 0.00027, 0.00025, 0.00021, 0.00024, 0.00021, 0.00026, 0.00022, 0.00026, 0.00023, 0.00025, 0.00018, 0.00027, 0.00029, 0.0002, 0.00026, 0.00028, 0.0, 0.00026, 0.00024, 0.00021, 0.00026, 0.00027, 0.00027, 0.00022, 0.00029, 0.00021, 0.00028], [0.0002, 0.00022, 0.00029, 0.00025, 0.00021, 0.00023, 0.00017, 0.00022, 0.00023, 0.00028, 0.00019, 0.00029, 0.0002, 0.00026, 0.00026, 0.00026, 0.00027, 0.00024, 0.00022, 0.00026, 0.0, 0.00021, 0.00022, 0.00028, 0.00022, 0.00025, 0.00024, 0.00017, 0.00024, 0.00026], [0.00029, 0.00017, 0.00023, 0.00025, 0.00021, 0.00026, 0.00026, 0.00025, 0.00021, 0.00024, 0.00028, 0.00028, 0.00029, 0.00024, 0.00022, 0.00022, 0.00021, 0.00028, 0.00018, 0.00024, 0.00021, 0.0, 0.00028, 0.00028, 0.00023, 0.00026, 0.00026, 0.00028, 0.00026, 0.00026], [0.00021, 0.00022, 0.0002, 0.00021, 0.0002, 0.00028, 0.00029, 0.00019, 0.00023, 0.00022, 0.00022, 0.00024, 0.00028, 0.00019, 0.00027, 0.00025, 0.00023, 0.00022, 0.00018, 0.00021, 0.00022, 0.00028, 0.0, 0.00021, 0.00029, 0.00017, 0.00025, 0.00024, 0.00028, 0.00025], [0.00027, 0.0002, 0.0002, 0.00022, 0.00021, 0.00028, 0.00023, 0.00028, 0.00023, 0.00025, 0.00024, 0.00029, 0.00028, 0.00018, 0.00028, 0.00029, 0.00025, 0.00025, 0.00027, 0.00026, 0.00028, 0.00028, 0.00021, 0.0, 0.00028, 0.0002, 0.00029, 0.00023, 0.00028, 0.00022], [0.00019, 0.00022, 0.00029, 0.00018, 0.00023, 0.00028, 0.00021, 0.00024, 0.00017, 0.00027, 0.00025, 0.00019, 0.00019, 0.00029, 0.00025, 0.00029, 0.00028, 0.00028, 0.00026, 0.00027, 0.00022, 0.00023, 0.00029, 0.00028, 0.0, 0.00019, 0.00028, 0.00029, 0.00023, 0.0002], [0.00022, 0.00025, 0.00029, 0.00022, 0.00028, 0.00017, 0.00019, 0.00026, 0.00028, 0.00024, 0.00029, 0.00029, 0.00029, 0.00026, 0.00028, 0.00027, 0.00016, 0.00026, 0.00026, 0.00027, 0.00025, 0.00026, 0.00017, 0.0002, 0.00019, 0.0, 0.00021, 0.00029, 0.00018, 0.00017], [0.0002, 0.00019, 0.00024, 0.00027, 0.00026, 0.00029, 0.00028, 0.00028, 0.00024, 0.00016, 0.00028, 0.00027, 0.00026, 0.00021, 0.00028, 0.00022, 0.00029, 0.00023, 0.00029, 0.00022, 0.00024, 0.00026, 0.00025, 0.00029, 0.00028, 0.00021, 0.0, 0.00023, 0.00023, 0.00021], [0.00027, 0.00029, 0.00023, 0.00019, 0.00017, 0.00025, 0.00023, 0.00027, 0.00023, 0.00017, 0.00029, 0.00028, 0.00026, 0.00019, 0.00023, 0.00018, 0.00024, 0.00027, 0.00025, 0.00029, 0.00017, 0.00028, 0.00024, 0.00023, 0.00029, 0.00029, 0.00023, 0.0, 0.00026, 0.00029], [0.00026, 0.00028, 0.00025, 0.00028, 0.00023, 0.00022, 0.0002, 0.00028, 0.00027, 0.00022, 0.00023, 0.00021, 0.00026, 0.00027, 0.00029, 0.00024, 0.00016, 0.00015, 0.0002, 0.00021, 0.00024, 0.00026, 0.00028, 0.00028, 0.00023, 0.00018, 0.00023, 0.00026, 0.0, 0.00024], [0.00024, 0.00027, 0.00024, 0.00027, 0.00018, 0.00025, 0.00019, 0.00025, 0.00029, 0.00019, 0.00029, 0.00021, 0.00028, 0.00018, 0.00029, 0.00025, 0.00025, 0.00024, 0.00028, 0.00028, 0.00026, 0.00026, 0.00025, 0.00022, 0.0002, 0.00017, 0.00021, 0.00029, 0.00024, 0.0]], "vfix(thetaijfix)": [[0.0, 24.0, 17.0, 27.0, 24.0, 23.0, 21.0, 19.0, 27.0, 26.0, 27.0, 28.0, 26.0, 24.0, 20.0, 17.0, 22.0, 23.0, 28.0, 20.0, 24.0, 19.0, 24.0, 24.0, 19.0, 29.0, 29.0, 19.0, 26.0, 26.0], [24.0, 0.0, 28.0, 29.0, 22.0, 27.0, 28.0, 29.0, 22.0, 25.0, 16.0, 26.0, 29.0, 16.0, 27.0, 29.0, 18.0, 27.0, 24.0, 28.0, 29.0, 22.0, 29.0, 23.0, 26.0, 20.0, 23.0, 23.0, 28.0, 28.0], [17.0, 28.0, 0.0, 22.0, 26.0, 25.0, 28.0, 28.0, 25.0, 28.0, 29.0, 18.0, 23.0, 19.0, 29.0, 24.0, 25.0, 25.0, 19.0, 24.0, 16.0, 26.0, 25.0, 17.0, 28.0, 26.0, 26.0, 25.0, 25.0, 27.0], [27.0, 29.0, 22.0, 0.0, 29.0, 25.0, 27.0, 21.0, 15.0, 25.0, 26.0, 25.0, 27.0, 19.0, 21.0, 24.0, 20.0, 15.0, 23.0, 25.0, 29.0, 24.0, 26.0, 21.0, 28.0, 25.0, 28.0, 20.0, 29.0, 29.0], [24.0, 22.0, 26.0, 29.0, 0.0, 29.0, 29.0, 23.0, 26.0, 29.0, 19.0, 23.0, 25.0, 23.0, 22.0, 21.0, 23.0, 23.0, 24.0, 23.0, 21.0, 18.0, 23.0, 28.0, 17.0, 26.0, 28.0, 28.0, 23.0, 27.0], [23.0, 27.0, 25.0, 25.0, 29.0, 0.0, 27.0, 27.0, 25.0, 16.0, 27.0, 25.0, 26.0, 22.0, 23.0, 27.0, 27.0, 21.0, 29.0, 27.0, 21.0, 20.0, 27.0, 26.0, 19.0, 26.0, 27.0, 26.0, 22.0, 23.0], [21.0, 28.0, 28.0, 27.0, 29.0, 27.0, 0.0, 26.0, 26.0, 29.0, 29.0, 23.0, 25.0, 22.0, 29.0, 28.0, 15.0, 28.0, 23.0, 24.0, 25.0, 27.0, 29.0, 24.0, 24.0, 22.0, 24.0, 27.0, 18.0, 27.0], [19.0, 29.0, 28.0, 21.0, 23.0, 27.0, 26.0, 0.0, 20.0, 27.0, 25.0, 29.0, 27.0, 26.0, 22.0, 27.0, 26.0, 29.0, 18.0, 21.0, 29.0, 19.0, 26.0, 17.0, 25.0, 21.0, 17.0, 27.0, 28.0, 28.0], [27.0, 22.0, 25.0, 15.0, 26.0, 25.0, 26.0, 20.0, 0.0, 24.0, 20.0, 25.0, 22.0, 29.0, 28.0, 27.0, 29.0, 28.0, 28.0, 26.0, 26.0, 28.0, 28.0, 21.0, 26.0, 29.0, 26.0, 28.0, 21.0, 28.0], [26.0, 25.0, 28.0, 25.0, 29.0, 16.0, 29.0, 27.0, 24.0, 0.0, 24.0, 25.0, 20.0, 19.0, 25.0, 29.0, 27.0, 19.0, 25.0, 26.0, 26.0, 28.0, 16.0, 23.0, 16.0, 24.0, 26.0, 27.0, 22.0, 23.0], [27.0, 16.0, 29.0, 26.0, 19.0, 27.0, 29.0, 25.0, 20.0, 24.0, 0.0, 28.0, 27.0, 26.0, 29.0, 23.0, 16.0, 25.0, 23.0, 24.0, 26.0, 29.0, 24.0, 18.0, 24.0, 21.0, 22.0, 26.0, 25.0, 24.0], [28.0, 26.0, 18.0, 25.0, 23.0, 25.0, 23.0, 29.0, 25.0, 25.0, 28.0, 0.0, 29.0, 19.0, 29.0, 25.0, 29.0, 28.0, 24.0, 26.0, 17.0, 23.0, 26.0, 24.0, 29.0, 24.0, 28.0, 16.0, 25.0, 27.0], [26.0, 29.0, 23.0, 27.0, 25.0, 26.0, 25.0, 27.0, 22.0, 20.0, 27.0, 29.0, 0.0, 26.0, 26.0, 29.0, 19.0, 24.0, 29.0, 24.0, 26.0, 26.0, 25.0, 29.0, 29.0, 27.0, 26.0, 25.0, 23.0, 27.0], [24.0, 16.0, 19.0, 19.0, 23.0, 22.0, 22.0, 26.0, 29.0, 19.0, 26.0, 19.0, 26.0, 0.0, 29.0, 23.0, 21.0, 23.0, 25.0, 20.0, 23.0, 26.0, 25.0, 19.0, 29.0, 21.0, 28.0, 25.0, 28.0, 28.0], [20.0, 27.0, 29.0, 21.0, 22.0, 23.0, 29.0, 22.0, 28.0, 25.0, 29.0, 29.0, 26.0, 29.0, 0.0, 22.0, 27.0, 17.0, 29.0, 26.0, 28.0, 23.0, 29.0, 16.0, 22.0, 25.0, 23.0, 27.0, 25.0, 18.0], [17.0, 29.0, 24.0, 24.0, 21.0, 27.0, 28.0, 27.0, 27.0, 29.0, 23.0, 25.0, 29.0, 23.0, 22.0, 0.0, 29.0, 28.0, 21.0, 29.0, 23.0, 29.0, 24.0, 25.0, 24.0, 26.0, 26.0, 25.0, 29.0, 27.0], [22.0, 18.0, 25.0, 20.0, 23.0, 27.0, 15.0, 26.0, 29.0, 27.0, 16.0, 29.0, 19.0, 21.0, 27.0, 29.0, 0.0, 28.0, 21.0, 26.0, 29.0, 27.0, 26.0, 26.0, 28.0, 21.0, 27.0, 28.0, 27.0, 28.0], [23.0, 27.0, 25.0, 15.0, 23.0, 21.0, 28.0, 29.0, 28.0, 19.0, 25.0, 28.0, 24.0, 23.0, 17.0, 28.0, 28.0, 0.0, 25.0, 26.0, 24.0, 27.0, 29.0, 23.0, 19.0, 29.0, 25.0, 29.0, 23.0, 29.0], [28.0, 24.0, 19.0, 23.0, 24.0, 29.0, 23.0, 18.0, 28.0, 25.0, 23.0, 24.0, 29.0, 25.0, 29.0, 21.0, 21.0, 25.0, 0.0, 17.0, 27.0, 29.0, 17.0, 29.0, 19.0, 28.0, 28.0, 27.0, 21.0, 23.0], [20.0, 28.0, 24.0, 25.0, 23.0, 27.0, 24.0, 21.0, 26.0, 26.0, 24.0, 26.0, 24.0, 20.0, 26.0, 29.0, 26.0, 26.0, 17.0, 0.0, 28.0, 20.0, 27.0, 26.0, 27.0, 27.0, 27.0, 29.0, 23.0, 20.0], [24.0, 29.0, 16.0, 29.0, 21.0, 21.0, 25.0, 29.0, 26.0, 26.0, 26.0, 17.0, 26.0, 23.0, 28.0, 23.0, 29.0, 24.0, 27.0, 28.0, 0.0, 27.0, 23.0, 27.0, 26.0, 24.0, 19.0, 26.0, 21.0, 23.0], [19.0, 22.0, 26.0, 24.0, 18.0, 20.0, 27.0, 19.0, 28.0, 28.0, 29.0, 23.0, 26.0, 26.0, 23.0, 29.0, 27.0, 27.0, 29.0, 20.0, 27.0, 0.0, 28.0, 22.0, 27.0, 22.0, 28.0, 27.0, 29.0, 28.0], [24.0, 29.0, 25.0, 26.0, 23.0, 27.0, 29.0, 26.0, 28.0, 16.0, 24.0, 26.0, 25.0, 25.0, 29.0, 24.0, 26.0, 29.0, 17.0, 27.0, 23.0, 28.0, 0.0, 21.0, 18.0, 22.0, 21.0, 21.0, 21.0, 29.0], [24.0, 23.0, 17.0, 21.0, 28.0, 26.0, 24.0, 17.0, 21.0, 23.0, 18.0, 24.0, 29.0, 19.0, 16.0, 25.0, 26.0, 23.0, 29.0, 26.0, 27.0, 22.0, 21.0, 0.0, 29.0, 20.0, 22.0, 16.0, 23.0, 24.0], [19.0, 26.0, 28.0, 28.0, 17.0, 19.0, 24.0, 25.0, 26.0, 16.0, 24.0, 29.0, 29.0, 29.0, 22.0, 24.0, 28.0, 19.0, 19.0, 27.0, 26.0, 27.0, 18.0, 29.0, 0.0, 28.0, 23.0, 25.0, 27.0, 20.0], [29.0, 20.0, 26.0, 25.0, 26.0, 26.0, 22.0, 21.0, 29.0, 24.0, 21.0, 24.0, 27.0, 21.0, 25.0, 26.0, 21.0, 29.0, 28.0, 27.0, 24.0, 22.0, 22.0, 20.0, 28.0, 0.0, 25.0, 25.0, 16.0, 23.0], [29.0, 23.0, 26.0, 28.0, 28.0, 27.0, 24.0, 17.0, 26.0, 26.0, 22.0, 28.0, 26.0, 28.0, 23.0, 26.0, 27.0, 25.0, 28.0, 27.0, 19.0, 28.0, 21.0, 22.0, 23.0, 25.0, 0.0, 28.0, 24.0, 22.0], [19.0, 23.0, 25.0, 20.0, 28.0, 26.0, 27.0, 27.0, 28.0, 27.0, 26.0, 16.0, 25.0, 25.0, 27.0, 25.0, 28.0, 29.0, 27.0, 29.0, 26.0, 27.0, 21.0, 16.0, 25.0, 25.0, 28.0, 0.0, 20.0, 26.0], [26.0, 28.0, 25.0, 29.0, 23.0, 22.0, 18.0, 28.0, 21.0, 22.0, 25.0, 25.0, 23.0, 28.0, 25.0, 29.0, 27.0, 23.0, 21.0, 23.0, 21.0, 29.0, 21.0, 23.0, 27.0, 16.0, 24.0, 20.0, 0.0, 20.0], [26.0, 28.0, 27.0, 29.0, 27.0, 23.0, 27.0, 28.0, 28.0, 23.0, 24.0, 27.0, 27.0, 28.0, 18.0, 27.0, 28.0, 29.0, 23.0, 20.0, 23.0, 28.0, 29.0, 24.0, 20.0, 23.0, 22.0, 26.0, 20.0, 0.0]], "Tflh(Tiflh)": 1800.0, "Betta": 0.7, "Lambda": 0.7, "Alpha": 0.067, "EdgesDemandPeak(dij)": [[0.0, 38.0, 39.0, 18.0, 19.0, 38.0, 12.0, 13.0, 18.0, 31.0, 31.0, 19.0, 28.0, 36.0, 13.0, 28.0, 17.0, 16.0, 15.0, 37.0, 32.0, 34.0, 37.0, 37.0, 27.0, 25.0, 28.0, 34.0, 28.0, 23.0], [38.0, 0.0, 12.0, 17.0, 33.0, 39.0, 15.0, 22.0, 26.0, 35.0, 23.0, 30.0, 20.0, 29.0, 19.0, 29.0, 33.0, 39.0, 34.0, 34.0, 32.0, 20.0, 37.0, 30.0, 18.0, 34.0, 36.0, 29.0, 34.0, 35.0], [39.0, 12.0, 0.0, 21.0, 30.0, 34.0, 37.0, 28.0, 24.0, 37.0, 27.0, 29.0, 20.0, 38.0, 16.0, 33.0, 29.0, 36.0, 29.0, 24.0, 35.0, 22.0, 31.0, 22.0, 30.0, 35.0, 26.0, 30.0, 37.0, 35.0], [18.0, 17.0, 21.0, 0.0, 36.0, 34.0, 26.0, 11.0, 38.0, 39.0, 27.0, 32.0, 37.0, 21.0, 37.0, 35.0, 24.0, 14.0, 37.0, 19.0, 12.0, 27.0, 30.0, 32.0, 17.0, 23.0, 26.0, 16.0, 30.0, 32.0], [19.0, 33.0, 30.0, 36.0, 0.0, 37.0, 35.0, 23.0, 33.0, 34.0, 28.0, 39.0, 33.0, 21.0, 32.0, 34.0, 38.0, 39.0, 21.0, 23.0, 29.0, 35.0, 29.0, 31.0, 28.0, 34.0, 39.0, 32.0, 24.0, 35.0], [38.0, 39.0, 34.0, 34.0, 37.0, 0.0, 36.0, 39.0, 18.0, 28.0, 38.0, 17.0, 36.0, 20.0, 32.0, 37.0, 19.0, 27.0, 28.0, 13.0, 21.0, 20.0, 39.0, 22.0, 37.0, 17.0, 20.0, 32.0, 37.0, 26.0], [12.0, 15.0, 37.0, 26.0, 35.0, 36.0, 0.0, 37.0, 38.0, 12.0, 30.0, 38.0, 37.0, 13.0, 36.0, 36.0, 24.0, 20.0, 38.0, 35.0, 30.0, 37.0, 17.0, 21.0, 29.0, 33.0, 20.0, 28.0, 31.0, 28.0], [13.0, 22.0, 28.0, 11.0, 23.0, 39.0, 37.0, 0.0, 29.0, 21.0, 11.0, 22.0, 38.0, 16.0, 31.0, 29.0, 37.0, 24.0, 36.0, 29.0, 25.0, 18.0, 27.0, 33.0, 29.0, 27.0, 23.0, 31.0, 39.0, 37.0], [18.0, 26.0, 24.0, 38.0, 33.0, 18.0, 38.0, 29.0, 0.0, 26.0, 37.0, 29.0, 37.0, 30.0, 32.0, 28.0, 17.0, 32.0, 38.0, 15.0, 35.0, 30.0, 37.0, 32.0, 33.0, 34.0, 39.0, 29.0, 36.0, 24.0], [31.0, 35.0, 37.0, 39.0, 34.0, 28.0, 12.0, 21.0, 26.0, 0.0, 30.0, 37.0, 30.0, 22.0, 33.0, 39.0, 33.0, 26.0, 23.0, 25.0, 29.0, 39.0, 39.0, 36.0, 33.0, 37.0, 31.0, 23.0, 37.0, 30.0], [31.0, 23.0, 27.0, 27.0, 28.0, 38.0, 30.0, 11.0, 37.0, 30.0, 0.0, 30.0, 25.0, 28.0, 27.0, 23.0, 20.0, 35.0, 31.0, 32.0, 34.0, 38.0, 38.0, 35.0, 13.0, 39.0, 38.0, 36.0, 21.0, 32.0], [19.0, 30.0, 29.0, 32.0, 39.0, 17.0, 38.0, 22.0, 29.0, 37.0, 30.0, 0.0, 19.0, 24.0, 28.0, 38.0, 25.0, 35.0, 24.0, 31.0, 32.0, 38.0, 30.0, 38.0, 36.0, 39.0, 33.0, 14.0, 35.0, 20.0], [28.0, 20.0, 20.0, 37.0, 33.0, 36.0, 37.0, 38.0, 37.0, 30.0, 25.0, 19.0, 0.0, 35.0, 32.0, 28.0, 26.0, 39.0, 14.0, 38.0, 32.0, 28.0, 35.0, 33.0, 37.0, 23.0, 25.0, 35.0, 26.0, 22.0], [36.0, 29.0, 38.0, 21.0, 21.0, 20.0, 13.0, 16.0, 30.0, 22.0, 28.0, 24.0, 35.0, 0.0, 27.0, 32.0, 30.0, 36.0, 30.0, 39.0, 36.0, 13.0, 27.0, 29.0, 34.0, 31.0, 19.0, 38.0, 33.0, 37.0], [13.0, 19.0, 16.0, 37.0, 32.0, 32.0, 36.0, 31.0, 32.0, 33.0, 27.0, 28.0, 32.0, 27.0, 0.0, 28.0, 37.0, 14.0, 32.0, 39.0, 30.0, 25.0, 28.0, 26.0, 23.0, 25.0, 21.0, 29.0, 33.0, 19.0], [28.0, 29.0, 33.0, 35.0, 34.0, 37.0, 36.0, 29.0, 28.0, 39.0, 23.0, 38.0, 28.0, 32.0, 28.0, 0.0, 24.0, 19.0, 34.0, 37.0, 20.0, 33.0, 28.0, 17.0, 33.0, 39.0, 25.0, 38.0, 39.0, 37.0], [17.0, 33.0, 29.0, 24.0, 38.0, 19.0, 24.0, 37.0, 17.0, 33.0, 20.0, 25.0, 26.0, 30.0, 37.0, 24.0, 0.0, 24.0, 36.0, 25.0, 35.0, 32.0, 39.0, 30.0, 19.0, 36.0, 35.0, 31.0, 39.0, 26.0], [16.0, 39.0, 36.0, 14.0, 39.0, 27.0, 20.0, 24.0, 32.0, 26.0, 35.0, 35.0, 39.0, 36.0, 14.0, 19.0, 24.0, 0.0, 19.0, 39.0, 37.0, 34.0, 30.0, 39.0, 11.0, 36.0, 28.0, 25.0, 23.0, 39.0], [15.0, 34.0, 29.0, 37.0, 21.0, 28.0, 38.0, 36.0, 38.0, 23.0, 31.0, 24.0, 14.0, 30.0, 32.0, 34.0, 36.0, 19.0, 0.0, 38.0, 29.0, 27.0, 32.0, 32.0, 25.0, 39.0, 33.0, 32.0, 31.0, 31.0], [37.0, 34.0, 24.0, 19.0, 23.0, 13.0, 35.0, 29.0, 15.0, 25.0, 32.0, 31.0, 38.0, 39.0, 39.0, 37.0, 25.0, 39.0, 38.0, 0.0, 20.0, 35.0, 34.0, 36.0, 26.0, 38.0, 26.0, 35.0, 31.0, 32.0], [32.0, 32.0, 35.0, 12.0, 29.0, 21.0, 30.0, 25.0, 35.0, 29.0, 34.0, 32.0, 32.0, 36.0, 30.0, 20.0, 35.0, 37.0, 29.0, 20.0, 0.0, 39.0, 30.0, 30.0, 38.0, 34.0, 31.0, 18.0, 35.0, 32.0], [34.0, 20.0, 22.0, 27.0, 35.0, 20.0, 37.0, 18.0, 30.0, 39.0, 38.0, 38.0, 28.0, 13.0, 25.0, 33.0, 32.0, 34.0, 27.0, 35.0, 39.0, 0.0, 29.0, 34.0, 29.0, 32.0, 34.0, 28.0, 39.0, 39.0], [37.0, 37.0, 31.0, 30.0, 29.0, 39.0, 17.0, 27.0, 37.0, 39.0, 38.0, 30.0, 35.0, 27.0, 28.0, 28.0, 39.0, 30.0, 32.0, 34.0, 30.0, 29.0, 0.0, 33.0, 38.0, 30.0, 33.0, 32.0, 34.0, 28.0], [37.0, 30.0, 22.0, 32.0, 31.0, 22.0, 21.0, 33.0, 32.0, 36.0, 35.0, 38.0, 33.0, 29.0, 26.0, 17.0, 30.0, 39.0, 32.0, 36.0, 30.0, 34.0, 33.0, 0.0, 36.0, 31.0, 35.0, 22.0, 33.0, 37.0], [27.0, 18.0, 30.0, 17.0, 28.0, 37.0, 29.0, 29.0, 33.0, 33.0, 13.0, 36.0, 37.0, 34.0, 23.0, 33.0, 19.0, 11.0, 25.0, 26.0, 38.0, 29.0, 38.0, 36.0, 0.0, 34.0, 37.0, 37.0, 32.0, 30.0], [25.0, 34.0, 35.0, 23.0, 34.0, 17.0, 33.0, 27.0, 34.0, 37.0, 39.0, 39.0, 23.0, 31.0, 25.0, 39.0, 36.0, 36.0, 39.0, 38.0, 34.0, 32.0, 30.0, 31.0, 34.0, 0.0, 26.0, 26.0, 21.0, 21.0], [28.0, 36.0, 26.0, 26.0, 39.0, 20.0, 20.0, 23.0, 39.0, 31.0, 38.0, 33.0, 25.0, 19.0, 21.0, 25.0, 35.0, 28.0, 33.0, 26.0, 31.0, 34.0, 33.0, 35.0, 37.0, 26.0, 0.0, 23.0, 39.0, 35.0], [34.0, 29.0, 30.0, 16.0, 32.0, 32.0, 28.0, 31.0, 29.0, 23.0, 36.0, 14.0, 35.0, 38.0, 29.0, 38.0, 31.0, 25.0, 32.0, 35.0, 18.0, 28.0, 32.0, 22.0, 37.0, 26.0, 23.0, 0.0, 39.0, 14.0], [28.0, 34.0, 37.0, 30.0, 24.0, 37.0, 31.0, 39.0, 36.0, 37.0, 21.0, 35.0, 26.0, 33.0, 33.0, 39.0, 39.0, 23.0, 31.0, 31.0, 35.0, 39.0, 34.0, 33.0, 32.0, 21.0, 39.0, 39.0, 0.0, 18.0], [23.0, 35.0, 35.0, 32.0, 35.0, 26.0, 28.0, 37.0, 24.0, 30.0, 32.0, 20.0, 22.0, 37.0, 19.0, 37.0, 26.0, 39.0, 31.0, 32.0, 32.0, 39.0, 28.0, 37.0, 30.0, 21.0, 35.0, 14.0, 18.0, 0.0]], "EdgesDemandAnnual(Dij)": [[0.0, 388.0, 421.0, 168.0, 258.0, 299.0, 361.0, 338.0, 309.0, 323.0, 285.0, 324.0, 266.0, 308.0, 308.0, 441.0, 352.0, 379.0, 198.0, 278.0, 427.0, 428.0, 185.0, 458.0, 432.0, 313.0, 446.0, 329.0, 180.0, 479.0], [388.0, 0.0, 311.0, 250.0, 426.0, 303.0, 311.0, 337.0, 456.0, 457.0, 332.0, 394.0, 181.0, 373.0, 426.0, 216.0, 474.0, 180.0, 222.0, 233.0, 439.0, 326.0, 302.0, 278.0, 371.0, 457.0, 414.0, 351.0, 283.0, 405.0], [421.0, 311.0, 0.0, 428.0, 459.0, 405.0, 310.0, 347.0, 437.0, 227.0, 447.0, 133.0, 421.0, 456.0, 256.0, 459.0, 325.0, 344.0, 237.0, 356.0, 259.0, 422.0, 372.0, 446.0, 329.0, 416.0, 432.0, 389.0, 292.0, 445.0], [168.0, 250.0, 428.0, 0.0, 477.0, 395.0, 462.0, 450.0, 449.0, 418.0, 370.0, 262.0, 417.0, 435.0, 456.0, 259.0, 475.0, 395.0, 367.0, 200.0, 409.0, 316.0, 431.0, 331.0, 342.0, 430.0, 460.0, 452.0, 416.0, 439.0], [258.0, 426.0, 459.0, 477.0, 0.0, 381.0, 379.0, 329.0, 229.0, 281.0, 388.0, 335.0, 406.0, 440.0, 311.0, 320.0, 430.0, 239.0, 406.0, 308.0, 289.0, 394.0, 429.0, 275.0, 354.0, 158.0, 275.0, 425.0, 411.0, 396.0], [299.0, 303.0, 405.0, 395.0, 381.0, 0.0, 329.0, 260.0, 366.0, 373.0, 433.0, 424.0, 444.0, 431.0, 405.0, 413.0, 272.0, 445.0, 348.0, 165.0, 442.0, 282.0, 340.0, 321.0, 178.0, 446.0, 305.0, 286.0, 437.0, 478.0], [361.0, 311.0, 310.0, 462.0, 379.0, 329.0, 0.0, 220.0, 322.0, 235.0, 377.0, 470.0, 284.0, 149.0, 333.0, 453.0, 375.0, 474.0, 385.0, 370.0, 431.0, 297.0, 427.0, 405.0, 456.0, 472.0, 375.0, 402.0, 436.0, 386.0], [338.0, 337.0, 347.0, 450.0, 329.0, 260.0, 220.0, 0.0, 296.0, 342.0, 453.0, 478.0, 310.0, 450.0, 385.0, 441.0, 458.0, 290.0, 156.0, 427.0, 316.0, 479.0, 403.0, 439.0, 458.0, 439.0, 397.0, 473.0, 336.0, 368.0], [309.0, 456.0, 437.0, 449.0, 229.0, 366.0, 322.0, 296.0, 0.0, 444.0, 352.0, 423.0, 394.0, 405.0, 319.0, 382.0, 404.0, 340.0, 460.0, 479.0, 299.0, 447.0, 314.0, 462.0, 215.0, 323.0, 369.0, 443.0, 234.0, 297.0], [323.0, 457.0, 227.0, 418.0, 281.0, 373.0, 235.0, 342.0, 444.0, 0.0, 474.0, 354.0, 230.0, 172.0, 168.0, 312.0, 170.0, 461.0, 367.0, 318.0, 399.0, 142.0, 388.0, 373.0, 299.0, 434.0, 195.0, 184.0, 337.0, 461.0], [285.0, 332.0, 447.0, 370.0, 388.0, 433.0, 377.0, 453.0, 352.0, 474.0, 0.0, 404.0, 409.0, 436.0, 229.0, 369.0, 271.0, 428.0, 444.0, 453.0, 439.0, 323.0, 263.0, 273.0, 479.0, 382.0, 462.0, 413.0, 374.0, 432.0], [324.0, 394.0, 133.0, 262.0, 335.0, 424.0, 470.0, 478.0, 423.0, 354.0, 404.0, 0.0, 448.0, 384.0, 465.0, 393.0, 460.0, 455.0, 228.0, 445.0, 375.0, 285.0, 288.0, 461.0, 256.0, 218.0, 370.0, 312.0, 367.0, 467.0], [266.0, 181.0, 421.0, 417.0, 406.0, 444.0, 284.0, 310.0, 394.0, 230.0, 409.0, 448.0, 0.0, 320.0, 469.0, 469.0, 236.0, 336.0, 347.0, 412.0, 384.0, 245.0, 377.0, 407.0, 441.0, 453.0, 279.0, 435.0, 331.0, 236.0], [308.0, 373.0, 456.0, 435.0, 440.0, 431.0, 149.0, 450.0, 405.0, 172.0, 436.0, 384.0, 320.0, 0.0, 450.0, 473.0, 249.0, 470.0, 296.0, 268.0, 293.0, 457.0, 411.0, 290.0, 392.0, 378.0, 340.0, 352.0, 429.0, 309.0], [308.0, 426.0, 256.0, 456.0, 311.0, 405.0, 333.0, 385.0, 319.0, 168.0, 229.0, 465.0, 469.0, 450.0, 0.0, 302.0, 434.0, 312.0, 385.0, 429.0, 437.0, 287.0, 229.0, 367.0, 168.0, 457.0, 186.0, 388.0, 311.0, 465.0], [441.0, 216.0, 459.0, 259.0, 320.0, 413.0, 453.0, 441.0, 382.0, 312.0, 369.0, 393.0, 469.0, 473.0, 302.0, 0.0, 271.0, 435.0, 385.0, 443.0, 438.0, 408.0, 357.0, 417.0, 313.0, 434.0, 330.0, 346.0, 390.0, 240.0], [352.0, 474.0, 325.0, 475.0, 430.0, 272.0, 375.0, 458.0, 404.0, 170.0, 271.0, 460.0, 236.0, 249.0, 434.0, 271.0, 0.0, 244.0, 362.0, 143.0, 421.0, 462.0, 473.0, 417.0, 383.0, 385.0, 465.0, 419.0, 408.0, 458.0], [379.0, 180.0, 344.0, 395.0, 239.0, 445.0, 474.0, 290.0, 340.0, 461.0, 428.0, 455.0, 336.0, 470.0, 312.0, 435.0, 244.0, 0.0, 361.0, 269.0, 375.0, 355.0, 334.0, 254.0, 384.0, 306.0, 294.0, 437.0, 318.0, 184.0], [198.0, 222.0, 237.0, 367.0, 406.0, 348.0, 385.0, 156.0, 460.0, 367.0, 444.0, 228.0, 347.0, 296.0, 385.0, 385.0, 362.0, 361.0, 0.0, 427.0, 324.0, 216.0, 352.0, 423.0, 325.0, 324.0, 429.0, 479.0, 308.0, 414.0], [278.0, 233.0, 356.0, 200.0, 308.0, 165.0, 370.0, 427.0, 479.0, 318.0, 453.0, 445.0, 412.0, 268.0, 429.0, 443.0, 143.0, 269.0, 427.0, 0.0, 416.0, 259.0, 474.0, 257.0, 210.0, 461.0, 297.0, 459.0, 393.0, 409.0], [427.0, 439.0, 259.0, 409.0, 289.0, 442.0, 431.0, 316.0, 299.0, 399.0, 439.0, 375.0, 384.0, 293.0, 437.0, 438.0, 421.0, 375.0, 324.0, 416.0, 0.0, 448.0, 339.0, 322.0, 404.0, 479.0, 459.0, 364.0, 440.0, 398.0], [428.0, 326.0, 422.0, 316.0, 394.0, 282.0, 297.0, 479.0, 447.0, 142.0, 323.0, 285.0, 245.0, 457.0, 287.0, 408.0, 462.0, 355.0, 216.0, 259.0, 448.0, 0.0, 358.0, 349.0, 450.0, 257.0, 171.0, 342.0, 409.0, 379.0], [185.0, 302.0, 372.0, 431.0, 429.0, 340.0, 427.0, 403.0, 314.0, 388.0, 263.0, 288.0, 377.0, 411.0, 229.0, 357.0, 473.0, 334.0, 352.0, 474.0, 339.0, 358.0, 0.0, 451.0, 260.0, 233.0, 220.0, 262.0, 272.0, 148.0], [458.0, 278.0, 446.0, 331.0, 275.0,